
     RDKit          3D

 32 35  0  0  0  0  0  0  0  0999 V2000
   -2.9307    0.8339   -2.0550 C   0  0  0  0  0  0  0  0  0  0  0  0
   -2.1463    1.3228   -0.8399 C   0  0  2  0  0  0  0  0  0  0  0  0
   -2.0184    2.8698   -0.8479 C   0  0  0  0  0  0  0  0  0  0  0  0
   -0.5427    3.2028   -1.1466 C   0  0  0  0  0  0  0  0  0  0  0  0
    0.0325    1.8913   -1.6575 C   0  0  2  0  0  0  0  0  0  0  0  0
   -0.6813    0.8712   -0.7709 C   0  0  2  0  0  0  0  0  0  0  0  0
   -0.2516   -0.5598   -1.1273 C   0  0  1  0  0  0  0  0  0  0  0  0
    1.3217   -0.6091   -1.2680 C   0  0  2  0  0  0  0  0  0  0  0  0
    2.0414   -0.0584   -0.0196 C   0  0  0  0  0  0  0  0  0  0  0  0
    2.1634    1.4552   -0.2535 C   0  0  2  0  0  0  0  0  0  0  0  0
    1.5545    1.6687   -1.6590 C   0  0  1  0  0  0  0  0  0  0  0  0
    1.7104    0.3630   -2.2819 O   0  0  0  0  0  0  0  0  0  0  0  0
    2.2590    2.6913   -2.5433 C   0  0  0  0  0  0  0  0  0  0  0  0
    3.5707    1.7691   -0.1967 O   0  0  0  0  0  0  0  0  0  0  0  0
    3.8834    3.0299    0.2056 C   0  0  0  0  0  0  0  0  0  0  0  0
    3.0770    3.9083    0.4880 O   0  0  0  0  0  0  0  0  0  0  0  0
    5.3917    3.2287    0.2208 C   0  0  0  0  0  0  0  0  0  0  0  0
    5.7749    4.4666    0.8082 O   0  0  0  0  0  0  0  0  0  0  0  0
    1.9020   -1.9832   -1.7101 C   0  0  0  0  0  0  0  0  0  0  0  0
    1.3027   -2.4872   -3.0290 C   0  0  0  0  0  0  0  0  0  0  0  0
    1.8259   -3.0881   -0.6541 C   0  0  0  0  0  0  0  0  0  0  0  0
   -0.6915   -1.4077   -0.0506 O   0  0  0  0  0  0  0  0  0  0  0  0
   -1.6439   -2.3285   -0.3260 C   0  0  0  0  0  0  0  0  0  0  0  0
   -2.1375   -2.5615   -1.4177 O   0  0  0  0  0  0  0  0  0  0  0  0
   -2.0429   -3.0763    0.8846 C   0  0  0  0  0  0  0  0  0  0  0  0
   -1.5299   -2.8695    2.1077 C   0  0  0  0  0  0  0  0  0  0  0  0
   -1.9446   -3.6193    3.3012 C   0  0  0  0  0  0  0  0  0  0  0  0
   -2.0143   -2.9493    4.5297 C   0  0  0  0  0  0  0  0  0  0  0  0
   -2.3782   -3.6319    5.6932 C   0  0  0  0  0  0  0  0  0  0  0  0
   -2.6646   -4.9941    5.6420 C   0  0  0  0  0  0  0  0  0  0  0  0
   -2.5827   -5.6752    4.4295 C   0  0  0  0  0  0  0  0  0  0  0  0
   -2.2195   -4.9929    3.2653 C   0  0  0  0  0  0  0  0  0  0  0  0
  2  1  1  6
  2  3  1  0
  3  4  1  0
  5  4  1  1
  5  6  1  0
  6  7  1  0
  7  8  1  0
  8  9  1  0
  9 10  1  0
 10 11  1  0
 11 12  1  0
 11 13  1  6
 10 14  1  6
 14 15  1  0
 15 16  2  0
 15 17  1  0
 17 18  1  0
  8 19  1  6
 19 20  1  0
 19 21  1  0
  7 22  1  1
 22 23  1  0
 23 24  2  0
 23 25  1  0
 25 26  2  0
 26 27  1  0
 27 28  2  0
 28 29  1  0
 29 30  2  0
 30 31  1  0
 31 32  2  0
  6  2  1  6
 11  5  1  0
 12  8  1  0
 32 27  1  0
M  END
$$$$
